layout_spectrum: 0.2401434
color:
  saturation: 0.8334285
  lightness: 0.5718623
  brandStrength: 0.7755581
  rhythmicContrast: 0.7841236
typography_spectrum: 0.6171554
name: limbico
